0 0 6.47999954223633
0 0 6.47999954223633
0 0 6.47999954223633
0 0 6.47999954223633
0 0 6.47999954223633
0 0 6.47999954223633
-1 0 6.47999954223633
-1 0 6.47999954223633
-1 0 6.47999954223633
-1 0 6.47999954223633
-1 0 6.47999954223633
0 0 0
0 0 0
0 0 0
0 0 0
0 0 0
-1 0 -1
-1 0 -1
-1 0 -1
-1 0 -2
-2 0 -2
4 0 -3
-26 0 -2
-4 0 -6
-21 0 -9
-17 0 -13
-23 0 -16
-19 0 -19
-38 0 -20
-25 0 -25
-34 0 -25
-34 0 -27
-35 0 -27
-36 0 -27
-36 0 -27
-36 0 -27
-36 0 -27
-36 0 -27
-36 0 -27
-36 0 -27
-37 0 -27
-37 0 -27
0 0 0
-1 0 0
-1 0 0
-1 0 0
-1 0 -1
-2 0 2
-2 0 -1
-1 0 -7
-1 0 8
2 0 3
2 0 6
2 0 13
3 0 -2
3 0 -2
1 0 1
1 0 -17
2 0 -18
0 0 -14
0 0 -28
1 0 -29
1 0 -25
1 0 -40
1 0 -42
1 0 -37
1 0 -39
0 0 -1
0 0 -2
0 0 -3
0 0 -1
-1 0 -7
-3 0 -9
-3 0 -14
-2 0 -14
-2 0 -20
-1 0 -12
-2 0 -31
2 0 3
2 0 5
-1 0 -11
0 0 -5
-1 0 -24
1 0 -16
0 0 -23
1 0 -23
1 0 -27
1 0 -27
1 0 -27
0 0 -1
0 0 -2
0 0 -2
0 0 -2
0 0 -2
0 0 -2
0 0 -2
0 0 -3
0 0 -3
0 0 -3
0 0 -3
0 0 -4
0 0 -4
0 0 -4
0 0 -5
0 0 -5
0 0 -5
0 0 -5
0 0 -5
0 0 -5
0 0 -5
0 0 -5
0 0 -5
0 0 -5
0 0 -5
0 0 -5
