117 0 936.5
118 0 944.5
119 0 952.5
120 0 960.5
121 0 968.5
122 0 976.5
122 0 982.5
126 0 994.5
127 0 999.5
128 0 1004.5
130 0 1013.5
131 0 1024.5
134 0 1034.5
135 0 1043.5
136 0 1052.5
137 0 1061.5
138 0 1070.5
139 0 1079.5
140 0 1088.5
141 0 1097.5
0 0 0
1 0 9
2 0 18
3 0 26.9999980926514
4 0 35
6 0 50
6 0 58
12 0 66
12 0 74
12 0 85
20 0 100
23 0 112
28 0 120
32 0 127
35 0 121
35 0 121
35 0 121
35 0 121
35 0 122
35 0 122
35 0 122
0 0 0
0 0 0
0 0 0
0 0 0
1 0 1
-5 0 1
-5 0 3
-7 0 3
-8 0 3
-8 0 5
-8 0 7
-5 0 8
-9 0 7
-10 0 6
-9 0 6
-8 0 6
-9 0 7
-10 0 11
-9 0 14
-9 0 14
-9 0 14
-8 0 14
-8 0 14
-8 0 14
-5 0 17
-4 0 22.9999980926514
-2 0 38
-1 0 46
0 0 55
1 0 64
2 0 73
0 0 0
1 0 9
2 0 18
3 0 26.9999980926514
4 0 36
5 0 45
6 0 54
7 0 63
