0 0 0.5
0 0 0.5
0 0 0.5
0 0 0.5
0 0 0.5
0 0 0.5
0 0 0.5
0 0 0.5
0 0 0.5
0 0 0.5
0 0 0.5
0 0 0.5
0 0 0.5
0 0 0.5
0 0 0.5
0 0 0.5
0 0 0.5
-2 0 0.5
-2 0 0.5
6 0 0.5
3 0 0.5
-3 0 0.5
1 0 -1.5
9 0 -1.5
3 0 -0.5
-3 0 -0.5
4 0 -0.5
8 0 -0.5
2 0 -1.5
-1 0 -1.5
9 0 -1.5
11 0 -1.5
9 0 -1.5
10 0 -2.5
10 0 -2.5
10 0 -2.5
10 0 -2.5
7 0 3.5
4 0 9.5
1 0 15.5
-2 0 27.4999980926514
-3 0 25.4999980926514
-3 0 24.4999980926514
-3 0 24.4999980926514
-3 0 24.4999980926514
-3 0 24.4999980926514
-3 0 24.4999980926514
-3 0 24.4999980926514
-6 0 51.5
-9 0 29.4999980926514
-12 0 49.5
-15 0 43.5
-16 0 43.5
-17 0 42.5
-18 0 42.5
-18 0 43.5
-18 0 43.5
-18 0 43.5
-18 0 43.5
-18 0 43.5
-18 0 43.5
-18 0 43.5
-18 0 43.5
-18 0 43.5
-18 0 43.5
-18 0 43.5
-18 0 43.5
-18 0 43.5
-18 0 43.5
-18 0 43.5
-18 0 43.5
-18 0 43.5
-18 0 43.5
-18 0 43.5
-18 0 43.5
-18 0 43.5
-18 0 43.5
-18 0 43.5
-18 0 43.5
-18 0 43.5
-18 0 43.5
