-1 0 0.5
-1 0 0.5
-1 0 0.5
-1 0 0.5
-1 0 0.5
-1 0 0.5
-1 0 0.5
-1 0 0.5
-1 0 0.5
-1 0 0.5
-1 0 0.5
-1 0 0.5
0 0 0.5
-6 0 0.5
-10 0 0.5
-10 0 -0.5
-7 0 -0.5
-10 0 -0.5
-10 0 -0.5
-10 0 0.5
-10 0 0.5
-10 0 -2.5
-10 0 -2.5
-10 0 -6.5
-14 0 -6.5
-14 0 -5.5
-15 0 -2.5
-15 0 -2.5
-15 0 -9.5
-15 0 -9.5
-10 0 -9.5
-17 0 -9.5
-17 0 -8.5
-18 0 -8.5
-18 0 -8.5
-17 0 -8.5
-17 0 -8.5
-16 0 -8.5
-16 0 -8.5
-22 0 -9.5
-16 0 -9.5
-18 0 -13.5
-13 0 -13.5
-15 0 -15.5
-17 0 -15.5
-16 0 -17.5
-30 0 -18.5
-15 0 -19.5
-28 0 -22.5
-11 0 -27.5
-14 0 -25.5
-6 0 -28.5
-6 0 -37.5
-19 0 -43.5
-17 0 -43.5
-13 0 -43.5
-11 0 -49.5
-5 0 -51.5
-14 0 -49.5
-14 0 -49.5
-12 0 -49.5
-11 0 -50.5
-11 0 -50.5
